Time: 41.301657
Sum: 467634204

Time: 40.832830
Sum: 467634204

